$ 1 0.000005 21.593987231061412 86 5 43
v -320 176 -320 288 0 1 20 3 0 0 0.5
g -320 288 -320 304 0
207 -320 176 -320 128 0 Signal input
v -320 -64 -320 -128 0 0 40 2 0 0 0.5
g -320 -64 -320 -32 0
w -320 -128 -272 -128 0
207 -320 -128 -320 -176 0 Threshold
a -192 -112 -96 -112 0 4.7 -4.7 1000000 0.000019999600008002717 0
g -192 -96 -192 -80 0
r -272 -128 -192 -128 0 100000
r -192 -176 -96 -176 0 100000
w -192 -176 -192 -128 0
w -96 -176 -96 -112 0
w -272 32 -272 -128 0
a -224 16 -128 16 0 4.7 -4.7 1000000 1.999980000199998 2
w -272 32 -224 32 0
w -224 0 -224 -32 0
w -224 -32 -128 -32 0
w -128 -32 -128 16 0
w -128 16 -128 112 0
a -80 128 16 128 0 4.7 -4.7 1000000 1.999980000199998 -0.1074194140038287
w -80 144 -80 176 0
w -80 208 -80 176 0
w -80 112 -128 112 0
w -80 240 -96 240 0
d 16 128 96 128 1 0.805904783
d 16 224 96 224 1 0.805904783
r -80 176 -208 176 0 100000
w -208 176 -320 176 0
r 384 336 288 336 0 50000
r 288 304 384 304 0 50000
w 528 304 528 336 0
w 288 336 -208 336 0
w -208 336 -208 176 0
r 96 224 96 288 0 100000
g 96 288 96 304 0
w 96 128 144 128 0
r 144 128 144 192 0 100000
g 144 192 144 208 0
159 288 208 288 272 0 20 10000000000
159 224 240 224 304 0 20 10000000000
w 272 240 256 240 0
w 256 240 256 128 0
w 256 128 144 128 0
w 208 272 192 272 0
w 192 272 192 224 0
w 192 224 96 224 0
a -80 224 16 224 0 4.7 -4.7 1000000 -0.1074194140038287 -1.9999600008002716
207 704 352 768 352 0 Output
a 528 352 624 352 1 4.7 -4.7 1000000 -0.10741608488215389 -0.1074171590430027
w 528 368 528 416 0
w 528 416 624 416 0
w 624 416 624 352 0
w 288 -144 288 208 0
w -16 64 -208 64 0
w -208 64 -208 176 0
w 288 -208 288 -144 0
a 176 -208 272 -208 0 4.7 -4.7 1000000 1.0216261580513872 1.9999800001999983
r 176 -272 272 -272 0 300000
w 176 -272 176 -224 0
w 272 -272 272 -208 0
r 80 -224 176 -224 0 50000
w 272 -208 288 -208 0
w 160 -192 176 -192 0
w -48 -32 -128 -32 0
w -16 -224 80 -224 0
w -48 -32 -48 -192 0
w -48 -192 80 -192 0
r 80 -192 160 -192 0 100000
w -96 -112 -96 -48 0
w -96 -48 -96 240 0
w 224 240 224 48 0
w 224 -64 224 48 0
r 128 -112 224 -112 0 300000
w 224 -112 224 -64 0
w 128 -112 128 -80 0
r 128 -80 64 -80 0 50000
w 64 -80 -16 -80 0
r 128 -48 64 -48 0 100000
w -96 -48 64 -48 0
w 288 272 288 304 0
w 288 304 224 304 0
a 128 -64 224 -64 0 4.7 -4.7 1000000 -1.3224581665355601 -1.999960000790881
174 448 288 448 352 0 100000 0.45050000000000007 Resistance
w 528 304 464 304 0
w 464 320 464 304 0
w 448 288 384 288 0
w 384 288 384 304 0
w 448 352 384 352 0
w 384 336 384 352 0
174 -16 -176 -16 -112 0 100000 0.42080000000000006 Resistance
w -16 -176 -16 -224 0
w -16 -112 -16 -80 0
w -16 64 0 64 0
w 0 -144 16 -144 0
w 16 -144 16 64 0
w 16 64 0 64 0
209 624 352 704 352 0 0.000001 -5.491579413430259e-13 1
o 0 64 0 4098 5 0.00009765625 0 2 0 3
o 48 64 0 4099 5 0.00009765625 1 2 48 3
