$ 1 0.000005 21.593987231061412 86 5 43
v -192 224 -192 336 0 1 20 2.5 0 0 0.5
g -192 336 -192 368 0
207 -192 224 -192 176 0 Signal input
v -64 0 -64 -64 0 0 40 0 0 0 0.5
g -64 0 -64 32 0
w 16 -64 48 -64 0
207 16 -64 16 -112 0 Threshold
a 176 -48 272 -48 0 4.7 -4.7 1000000 0.000021622248460673175 0
g 176 -32 176 -16 0
r 48 -64 176 -64 0 100000
r 176 -112 272 -112 0 47000
w 176 -112 176 -64 0
w 272 -112 272 -48 0
a 144 80 240 80 0 4.7 -4.7 1000000 -0.000021621816024364192 0
w 144 64 144 32 0
w 240 32 240 80 0
w 240 80 240 176 0
a 288 192 384 192 0 4.7 -4.7 1000000 2.1621816024364193 1.6603304911029673
w 288 208 288 240 0
w 288 272 288 240 0
w 288 176 240 176 0
w 288 304 272 304 0
d 384 192 464 192 1 0.805904783
d 384 288 464 288 1 0.805904783
r 288 240 160 240 0 100000
w 160 240 96 240 0
r 752 400 656 400 0 47000
r 656 368 752 368 0 47000
w 896 368 896 400 0
w 656 400 160 400 0
w 160 400 160 240 0
r 464 288 464 352 0 100000
g 464 352 464 368 0
w 464 192 512 192 0
r 512 192 512 256 0 100000
g 512 256 512 272 0
159 656 272 656 336 0 20 10000000000
159 592 304 592 368 0 20 10000000000
w 640 304 624 304 0
w 624 304 624 192 0
w 624 192 512 192 0
w 576 336 560 336 0
w 560 336 560 288 0
w 560 288 464 288 0
a 288 288 384 288 0 4.7 -4.7 1000000 1.6603304911029673 -2.1622248460673177
207 1344 464 1408 464 0 Output
a 896 416 992 416 1 3.7 -3.7 1000000 1.660264887641781 1.6602814902906573
w 896 432 896 480 0
w 896 480 992 480 0
w 992 480 992 416 0
w 656 -80 656 272 0
w 352 128 160 128 0
w 160 128 160 240 0
w 656 -144 656 -80 0
a 544 -144 640 -144 0 3.7 -3.7 1000000 2.1621503746790682 2.16218160243391
r 544 -208 640 -208 0 180000
w 544 -208 544 -160 0
w 640 -208 640 -144 0
r 448 -160 544 -160 0 47000
w 640 -144 656 -144 0
w 528 -128 544 -128 0
w 320 32 240 32 0
w 352 -160 448 -160 0
w 320 32 320 -128 0
w 320 -128 448 -128 0
r 448 -128 528 -128 0 100000
w 272 -48 272 16 0
w 272 16 272 304 0
w 592 304 592 112 0
w 592 0 592 112 0
r 496 -48 592 -48 0 180000
w 592 -48 592 0 0
w 496 -48 496 -16 0
r 496 -16 432 -16 0 47000
w 432 -16 352 -16 0
r 496 16 432 16 0 100000
w 272 16 432 16 0
w 656 336 656 368 0
w 656 368 592 368 0
a 496 0 592 0 0 3.7 -3.7 1000000 -0.25377215427508265 -2.1622248460696567
174 816 352 816 416 0 100000 0.21290000000000003 Depth
w 896 368 832 368 0
w 832 384 832 368 0
w 816 352 752 352 0
w 752 352 752 368 0
w 816 416 752 416 0
w 752 400 752 416 0
174 352 -112 352 -48 0 100000 0.47030000000000005 Symmetry
w 352 -112 352 -160 0
w 352 -48 352 -16 0
w 352 128 368 128 0
w 368 -80 384 -80 0
w 384 -80 384 128 0
w 384 128 368 128 0
174 -64 -128 -32 -192 0 47000 0.7673000000000001 Threshold pot
g -64 -128 -64 -112 0
R -64 -192 -64 -224 0 0 40 5 0 0 0.5
r 48 -160 176 -160 0 75000
w -32 -160 48 -160 0
w 176 -112 176 -160 0
r 144 32 240 32 0 100000
w 272 16 80 16 0
w 80 16 80 32 0
r 80 32 144 32 0 100000
g 144 96 144 112 0
368 320 32 352 32 0 0
174 -16 -64 -16 16 0 100000 0.47030000000000005 Threshold Depth
w 16 -64 16 -16 0
w 16 -16 0 -16 0
g -16 32 -16 48 0
w -16 -64 -64 -64 0
174 -144 224 -144 320 0 100000 0.47030000000000005 Pre Gain
w -192 224 -144 224 0
w -144 320 -144 336 0
w -144 336 -192 336 0
r -128 272 -64 272 0 100000
a -64 288 32 288 0 3.7 -3.7 1000000 -0.00001660330491107089 0
g -64 304 -64 320 0
r -64 224 32 224 0 330000
w -64 224 -64 272 0
w 32 224 32 288 0
w 32 224 96 224 0
w 96 224 96 240 0
174 1072 480 1088 416 0 100000 0.32180000000000003 Post gain
g 1072 480 1072 512 0
w 992 416 1072 416 0
r 1088 448 1152 448 0 100000
a 1152 464 1248 464 0 3.7 -3.7 1000000 0.000014471938356809895 0
r 1152 384 1248 384 0 330000
w 1152 384 1152 448 0
w 1248 384 1248 464 0
g 1152 480 1152 512 0
c 1248 464 1296 464 0 0.000001 -6.155076448521868e-13
r 1296 464 1344 464 0 1000
o 0 64 0 4098 5 0.00009765625 0 2 0 3
o 45 64 0 4099 5 0.00009765625 1 2 45 3
